Python 2.7.9 (default, Dec 10 2014, 12:28:03) [MSC v.1500 64 bit (AMD64)] on win32
Type "copyright", "credits" or "license()" for more information.
>>> ================================ RESTART ================================
>>> 
0.00263401072172
0.0139506051144
0.0602618673546
0.21172333965
0.604437667493
1.4008286118
2.63325524629
4.01204813458
4.95233668088
4.95233305223
4.01456481639
2.64315852224
1.42060481673
0.632682693949
0.245155770889
0.096069952725
0.0505853431182
0.0394761292551
0.0372785812991
0.0364683371599
0.0342784545861
0.0232331396203
-0.0218787202291
-0.169375035139
-0.551789437919
-1.32729116914
-2.527387055
-3.86999778885
-4.78560681348
-4.78564436736
-3.87261614097
-2.53739664601
-1.34711240165
-0.579990392997
-0.202694574969
-0.0575519478611
-0.013282749155
-0.00248734800747
-0.000370092811578
-3.52306548311e-05
8.01419451932e-06
1.21858589633e-05
1.28390381232e-05
1.25650774161e-05
1.28416530823e-05
1.25414564346e-05
1.281689466e-05
1.25163502176e-05
1.27921550336e-05
1.24912846214e-05
1.27675034496e-05
1.24662620446e-05
1.27429397915e-05
1.24412822628e-05
1.27184638684e-05
1.2416345068e-05
1.26940754943e-05
1.23914502436e-05
1.26697744988e-05
1.23665975608e-05
1.26455607055e-05
1.23417867753e-05
1.26214339591e-05
1.23170176549e-05
1.25973941053e-05
1.22922899559e-05
1.25734410012e-05
1.2267603423e-05
1.2549574506e-05
1.22429577986e-05
1.25257944913e-05
1.22183528102e-05
1.25021008326e-05
1.21937881909e-05
1.24784934207e-05
1.21692636551e-05
1.24549721455e-05
1.21447789262e-05
1.2431536917e-05
1.21203337082e-05
1.24081876368e-05
1.20959277021e-05
1.23849242185e-05
1.20715606081e-05
1.2361746594e-05
1.2047232113e-05
1.23386546944e-05
1.20229419004e-05
1.23156484564e-05
1.19986896483e-05
1.2292727834e-05
1.19744750166e-05
1.22698927761e-05
1.19502976804e-05
1.2247143252e-05
1.192615729e-05
1.22244792268e-05
1.19020534932e-05
1.22019006873e-05
1.18779859343e-05
1.2179407619e-05
1.18539542542e-05
1.21570000229e-05
1.18299580716e-05
1.21346778942e-05
1.18059970165e-05
1.21124412483e-05
1.17820707037e-05
1.20902901146e-05
1.17581787405e-05
1.2068224511e-05
1.17343207249e-05
1.20462444808e-05
1.17104962513e-05
1.20243500676e-05
1.16867049109e-05
1.20025413242e-05
1.16629462812e-05
1.1980818311e-05
1.16392199364e-05
1.19591811026e-05
1.16155254388e-05
1.19376297757e-05
1.15918623456e-05
1.19161644212e-05
1.1568230209e-05
1.18947851336e-05
1.15446285682e-05
1.18734920237e-05
1.15210569619e-05
1.18522852037e-05
1.14975149129e-05
1.18311647966e-05
1.1474001939e-05
1.18101309357e-05
1.14505175568e-05
1.17891837689e-05
1.14270612681e-05
1.17683234452e-05
1.14036325643e-05
1.17475501244e-05
1.13802309296e-05
1.1726863974e-05
1.13568558484e-05
1.17062651784e-05
1.13335067849e-05
1.16857539263e-05
1.13101832016e-05
1.16653304098e-05
1.12868844865e-05
1.16449927042e-05
1.12635519067e-05
1.1623456138e-05
1.12170341605e-05
1.1260641874e-05
7.07811647872e-06
-2.90498387593e-05
-0.000314100447031
-0.00211069281618
-0.0112650860112
-0.0487461826675
-0.171410743651
-0.489593594661
-1.13498757765
-2.1338058924
-3.25118521457
-4.01312133936
-4.01322975822
-3.25385710296
-2.14345188965
-1.15362424302
-0.515652071216
-0.201804549101
-0.0810133353835
-0.0441362917145
-0.0351216103354
-0.033336435989
-0.0326798286869
-0.0309124878515
-0.0219803989129
0.0145283480995
0.133982454812
0.443818804403
1.07228507127
2.04489960864
3.13295761893
3.87489397986
3.87503376785
3.1356934254
2.05458909786
1.090886733
0.4697572034
0.164194210169
0.0465988808931
0.010706149388
0.00195073331005
0.000263313254967
0.000262036940549
0.00192746509632
0.0106003534317
0.0461251001502
0.162414236607
0.464086571894
1.07603067392
2.02309253475
3.08256029682
3.80498561334
3.80511677324
3.08524416723
2.03262936453
1.09432671727
0.489557071862
0.192024007383
0.0775019385381
0.0425308522005
0.0339823554231
0.0322871601377
0.0316663823959
0.0299908624029
0.0215281113036
-0.0130779465169
-0.126320376912
-0.420081951951
-1.01597251056
-1.93819108976
-2.96985399299
-3.67331935768
-3.67347627812
-2.97259674831
-1.94775462943
-1.03422013593
-0.445413275777
-0.15573694226
-0.0442415317182
-0.0102064855888
-0.00189706077761
-0.000264668806541
-6.08215782859e-06
2.74978759647e-05
3.06177523395e-05
3.12151040843e-05
3.08724625613e-05
3.11835565591e-05
3.0812715197e-05
3.11306812894e-05
3.07518248625e-05
3.10779740877e-05
3.06909946626e-05
3.1025491404e-05
3.06302246457e-05
3.09732345128e-05
3.05695127296e-05
3.09212046541e-05
3.05088568136e-05
3.08694030971e-05
3.04482547549e-05
3.08178311618e-05
3.03877043858e-05
3.07664901932e-05
3.03272034843e-05
3.07153815845e-05
3.0266749816e-05
3.06645067589e-05
3.02063411017e-05
3.06138671731e-05
3.0145975021e-05
3.05634643424e-05
3.00856492233e-05
3.05132998115e-05
3.00253613148e-05
3.0463375164e-05
2.99651088623e-05
3.04136920308e-05
2.9904889389e-05
3.0364252077e-05
2.98447003852e-05
3.03150570346e-05
2.97845393025e-05
3.02661086581e-05
2.97244035362e-05
3.02174087523e-05
2.96642904502e-05
3.01689591756e-05
2.96041973597e-05
3.0120761818e-05
2.9544121536e-05
3.00728186381e-05
2.94840602081e-05
3.0025131638e-05
2.94240105346e-05
2.99777028627e-05
2.9363969656e-05
2.9930534414e-05
2.93039346537e-05
2.98836284442e-05
2.92439025494e-05
2.98369871638e-05
2.918387032e-05
2.97906128307e-05
2.91238348942e-05
2.97445077655e-05
2.9063793138e-05
2.96986743356e-05
2.90037418744e-05
2.96531149807e-05
2.89436778603e-05
2.96078321886e-05
2.88835978032e-05
2.95628285033e-05
2.88234983419e-05
2.95181065454e-05
2.8763376065e-05
2.94736689856e-05
2.87032274997e-05
2.94295185621e-05
2.86430491135e-05
2.93856580775e-05
2.85828373007e-05
2.9342090399e-05
2.85225884015e-05
2.92988184663e-05
2.84622986823e-05
2.92558452831e-05
2.84019643529e-05
2.92131739321e-05
2.83415815391e-05
2.9170807557e-05
2.82811463102e-05
2.91287493844e-05
2.82206546605e-05
2.90870027042e-05
2.81601025052e-05
2.90455708898e-05
2.80994856899e-05
2.90044573973e-05
2.80387999905e-05
2.89636657532e-05
2.79780410904e-05
2.89231995703e-05
2.79172046064e-05
2.88830625372e-05
2.78562860672e-05
2.88432584374e-05
2.77952809208e-05
2.88037911318e-05
2.7734184537e-05
2.87646645604e-05
2.76729921385e-05
2.87258812028e-05
2.76116558404e-05
2.86864860067e-05
2.75327755965e-05
2.83896012495e-05
2.43495102129e-05
-2.31246346537e-06
-0.000220798968491
-0.00159429213181
-0.00860939877165
-0.037361184314
-0.131539841006
-0.375959748255
-0.871877672585
-1.63942314404
-2.49801916413
-3.08341637038
-3.08360765129
-2.50068069244
-1.6483956846
-0.888709912705
-0.399034009328
-0.158071093537
-0.0652836697733
-0.0369316443657
-0.0299946457284
-0.0286185887054
-0.0281152378929
-0.0267640657122
-0.0199201591656
0.00808515971351
0.0997980632124
0.337805790393
0.820715720802
1.56812416624
2.40418882973
2.97421947969
2.97443129275
2.40688139763
1.57708549534
0.83745004153
0.360701099298
0.126098116882
0.035765080021
0.00816909002035
0.00143099530601
0.00012862952229
0.000126431116312
0.00139892182902
0.00804547499821
0.0352961132422
0.124580384218
0.356316885206
0.826532646002
1.55430519375
2.36840243063
2.92344279782
2.92364663719
2.37104117811
1.56311371841
0.842972485563
0.378782033392
0.150344295836
0.0623735193549
0.0354862251719
0.028908923004
0.0276015433041
0.0271266624122
0.0258449523608
0.019361718968
-0.00718484077662
-0.0941275154343
-0.319787869687
-0.777665691983
-1.48634809117
-2.27907747225
-2.81955167058
-2.81977003559
-2.2817454619
-1.49513219323
-0.794001379122
-0.342060505092
-0.119656038259
-0.0340075055115
-0.00784102744747
-0.0014448800733
-0.000186599134602
1.33520729261e-05
3.91565850312e-05
4.1758493446e-05
4.20215874099e-05
4.19276142351e-05
4.19725533612e-05
4.18512005554e-05
4.19069719994e-05
4.17738139559e-05
4.18417122453e-05
4.16964002677e-05
4.1776822796e-05
4.16189554104e-05
4.17123085383e-05
4.15414734871e-05
4.16481744388e-05
4.14639484811e-05
4.15844256104e-05
4.13863742346e-05
4.15210672966e-05
4.13087444554e-05
4.14581048927e-05
4.12310527039e-05
4.1395543927e-05
4.115329241e-05
4.13333900814e-05
4.10754568437e-05
4.12716491876e-05
4.0997539133e-05
4.12103272447e-05
4.09195322444e-05
4.11494303982e-05
4.0841428992e-05
4.10889649692e-05
4.0763222023e-05
4.10289374277e-05
4.06849038145e-05
4.09693544261e-05
4.06064666854e-05
4.09102228042e-05
4.05279027752e-05
4.08515495576e-05
4.04492040448e-05
4.07933418726e-05
4.03703622772e-05
4.07356071317e-05
4.02913690589e-05
4.06783528931e-05
4.02122158003e-05
4.0621586931e-05
4.01328937126e-05
4.05653171976e-05
4.00533937841e-05
4.05095518704e-05
3.99737068317e-05
4.04542993339e-05
3.98938234403e-05
4.03995681739e-05
3.98137339909e-05
4.03453672144e-05
3.97334286403e-05
4.02917054864e-05
3.96528973234e-05
4.02385922666e-05
3.95721297399e-05
4.018603706e-05
3.94911153628e-05
4.01340496158e-05
3.94098434146e-05
4.00826399261e-05
3.93283028778e-05
4.00318182333e-05
3.92464824766e-05
3.99815950484e-05
3.91643706841e-05
3.99319811426e-05
3.90819557032e-05
3.98829875484e-05
3.89992254729e-05
3.98346255847e-05
3.89161676463e-05
3.97869068475e-05
3.88327695956e-05
3.97398432288e-05
3.87490184062e-05
3.96934469124e-05
3.86649008694e-05
3.96477303916e-05
3.85804034588e-05
3.96027064588e-05
3.84955123488e-05
3.95583882416e-05
3.84102133981e-05
3.95147891681e-05
3.83244921298e-05
3.94719230105e-05
3.82383337415e-05
3.94298038888e-05
3.81517230882e-05
3.93884462623e-05
3.80646446729e-05
3.93478649438e-05
3.79770826454e-05
3.93080751163e-05
3.78890207866e-05
3.92690923304e-05
3.78004425014e-05
3.92309325207e-05
3.77113308233e-05
3.9193611998e-05
3.76216683461e-05
3.91571463462e-05
3.75314054189e-05
3.91208368199e-05
3.74274553569e-05
3.88906816819e-05
3.4968324493e-05
1.55196943387e-05
-0.000152155127608
-0.00120195036101
-0.00657789704978
-0.0286331054551
-0.100941210884
-0.288698040539
-0.66975957022
-1.25958231335
-1.91932892605
-2.36909033737
-2.36932073496
-1.92184133336
-1.26767596948
-0.684622493544
-0.308772206748
-0.123767953336
-0.0524929280684
-0.0306951866244
-0.0253579057429
-0.0242971505628
-0.0239121682267
-0.0228791049193
-0.0176361172556
0.00384635152741
0.0742595351455
0.25709055387
0.628155031853
1.20250325864
1.84493496885
2.28289005195
2.28313231512
1.84745689999
1.21055125118
0.642886123287
0.276956263981
0.0968348367316
0.0274435337167
0.00622688353034
0.00104098532708
3.61629750868e-05
3.32153083982e-05
0.00100575993893
0.00609908297178
0.0270029571231
0.0955531419456
0.273567078229
0.634879096305
1.19413833232
1.81969192726
2.2461301754
2.2463659287
1.82216274906
1.20204388399
0.649340626588
0.293051840717
0.117664068189
0.050089211791
0.0294175707002
0.0243573218406
0.0233494261241
0.0229865594634
0.0220064604699
0.0170401741888
-0.00332348246211
-0.0700738415309
-0.243420189405
-0.595249703903
-1.13983908458
-1.74897139906
-2.1642185444
-2.16446114276
-1.751451153
-1.14768957132
-0.609577041416
-0.262688016384
-0.0919328750976
-0.0261393793837
-0.00602247602476
-0.00109901451731
-0.000129204114059
2.54935798686e-05
4.52310509622e-05
4.74845137852e-05
4.74380438538e-05
4.75983258351e-05
4.73800147322e-05
4.75204061237e-05
4.73091622678e-05
4.74416292358e-05
4.72387258559e-05
4.7362735296e-05
4.71687506157e-05
4.72837144064e-05
4.70992470573e-05
4.72045549871e-05
4.70302259677e-05
4.71252451282e-05
4.69616985045e-05
4.70457725632e-05
4.68936761661e-05
4.69661246719e-05
4.68261708271e-05
4.68862884527e-05
4.67591947358e-05
4.680625055e-05
4.66927605214e-05
4.67259971921e-05
4.66268812095e-05
4.66455142301e-05
4.65615702495e-05
4.65647870936e-05
4.6496841496e-05
4.64838007921e-05
4.64327092425e-05
4.64025398948e-05
4.63691882118e-05
4.63209885294e-05
4.63062935942e-05
4.6239130369e-05
4.62440410562e-05
4.61569486116e-05
4.61824467209e-05
4.60744259725e-05
4.61215272172e-05
4.59915446786e-05
4.60612996822e-05
4.59082864279e-05
4.60017817626e-05
4.58246324148e-05
4.59429916583e-05
4.57405632877e-05
4.58849480932e-05
4.56560591256e-05
4.58276703705e-05
4.55710994618e-05
4.57711783785e-05
4.54856632364e-05
4.57154925804e-05
4.53997287876e-05
4.56606340689e-05
4.53132738421e-05
4.56066245454e-05
4.52262754952e-05
4.55534863697e-05
4.51387101842e-05
4.55012425585e-05
4.50505536959e-05
4.54499168069e-05
4.49617811147e-05
4.53995334997e-05
4.48723668321e-05
4.53501177409e-05
4.47822845082e-05
4.53016953783e-05
4.46915070746e-05
4.5254293009e-05
4.46000066939e-05
4.52079379907e-05
4.45077547492e-05
4.51626584944e-05
4.44147218171e-05
4.51184834986e-05
4.43208776523e-05
4.50754428185e-05
4.42261911592e-05
4.50335671314e-05
4.41306303839e-05
4.49928880045e-05
4.40341624698e-05
4.49534378937e-05
4.39367536485e-05
4.49152502096e-05
4.38383692203e-05
4.48783592931e-05
4.37389735053e-05
4.48428004752e-05
4.36385298463e-05
4.48086101002e-05
4.35370005624e-05
4.47758255341e-05
4.34343469337e-05
4.47444852063e-05
4.33305291663e-05
4.47146286344e-05
4.32255063712e-05
4.46862964491e-05
4.31192365206e-05
4.46595304295e-05
4.30116764454e-05
4.46343735196e-05
4.29027817484e-05
4.46108690484e-05
4.27924832509e-05
4.45885282543e-05
4.26709176029e-05
4.44208722871e-05
4.07620564599e-05
2.66424589798e-05
-0.000102077186647
-0.000904395570301
-0.0050242259515
-0.0219424295918
-0.07745888102
-0.221688549821
-0.514495010189
-0.967746040951
-1.47469640165
-1.82024833401
-1.82048972113
-1.47698590854
-0.974886559813
-0.527397227185
-0.238914169797
-0.0968734109992
-0.0421238424679
-0.0253652860223
-0.0212594409226
-0.0204417545056
-0.0201479371275
-0.0193580872094
-0.0153422049213
0.00113664993943
0.0551961362871
0.195641937957
0.480764598107
0.922124216068
1.41576764445
1.75224879751
1.75249549238
1.4180530314
0.929199153599
0.493520389149
0.212649617346
0.0743578844522
0.0210531666195
0.00474151063375
0.000749956775541
-2.49834592619e-05
-2.85153482147e-05
0.000715059298584
0.00461781218595
0.0206533309652
0.0732840859659
0.210030007514
0.487660595838
0.917425464621
1.3981014256
1.72573455414
1.72597636873
1.40034084623
0.924373367123
0.500178035105
0.226709108568
0.0920519919685
0.0401444897265
0.0242520699295
0.0203591685616
0.0195825513262
0.0193054904119
0.0185564085637
0.014752384954
-0.000868003239483
-0.0521154075885
-0.185275150407
-0.455617852959
-0.874109049646
-1.34216520736
-1.66119970736
-1.66144344843
-1.34439995227
-0.880985587872
-0.467988291996
-0.201732225431
-0.0706317701002
-0.02009060724
-0.00462465176824
-0.00083485668082
-8.73576785724e-05
3.22944754254e-05
4.7419509455e-05
4.9322630235e-05
4.91185754244e-05
4.94019566081e-05
4.90571241927e-05
4.93316271841e-05
4.89856729315e-05
4.92605994781e-05
4.89146130804e-05
4.91894504185e-05
4.88439877269e-05
4.91181646839e-05
4.87738128085e-05
4.90467252321e-05
4.87041048537e-05
4.89751143765e-05
4.8634881079e-05
4.89033137529e-05
4.85661593773e-05
4.88313043009e-05
4.84979583626e-05
4.87590662255e-05
4.84302973751e-05
4.86865790158e-05
4.83631965144e-05
4.86138213648e-05
4.82966766603e-05
4.85407711896e-05
4.82307595153e-05
4.84674055833e-05
4.81654676032e-05
4.83937007928e-05
4.81008243175e-05
4.83196321861e-05
4.80368539356e-05
4.82451742342e-05
4.79735816566e-05
4.81703004771e-05
4.79110336388e-05
4.80949834882e-05
4.78492369986e-05
4.80191948555e-05
4.77882198791e-05
4.79429051476e-05
4.77280114613e-05
4.78660838596e-05
4.76686419928e-05
4.77886994172e-05
4.76101428484e-05
4.77107191144e-05
4.75525465278e-05
4.76321090701e-05
4.74958867228e-05
4.75528342225e-05
4.74401983494e-05
4.74728582731e-05
4.73855175689e-05
4.73921436421e-05
4.73318818487e-05
4.73106514415e-05
4.72793299787e-05
4.72283414291e-05
4.72279021392e-05
4.71451719571e-05
4.71776399322e-05
4.70610999496e-05
4.71285864201e-05
4.69760808354e-05
4.7080786176e-05
4.68900685136e-05
4.70342853304e-05
4.68030153002e-05
4.69891316284e-05
4.67148718898e-05
4.69453744665e-05
4.66255872942e-05
4.6903064937e-05
4.65351087982e-05
4.68622559089e-05
4.6443381899e-05
4.68230020538e-05
4.63503502558e-05
4.67853599102e-05
4.62559556317e-05
4.67493879461e-05
4.61601378435e-05
4.67151466204e-05
4.6062834689e-05
4.66826984211e-05
4.59639818923e-05
4.66521079609e-05
4.58635130525e-05
4.66234420109e-05
4.57613595544e-05
4.65967695833e-05
4.56574505222e-05
4.65721619943e-05
4.55517127406e-05
4.65496929286e-05
4.5444070588e-05
4.65294385209e-05
4.53344459672e-05
4.65114774256e-05
4.52227582249e-05
4.64958908842e-05
4.5108924071e-05
4.64827628179e-05
4.49928575188e-05
4.64721798838e-05
4.48744697624e-05
4.64642309771e-05
4.47536516921e-05
4.64586100457e-05
4.462293609e-05
4.63447658969e-05
4.31352518054e-05
3.28299415301e-05
-6.59045067641e-05
-0.000679145003266
-0.00383627290776
-0.0168139737046
-0.0594381019941
-0.170231426759
-0.395222992368
-0.743525103566
-1.13306644148
-1.3985540318
-1.39878904743
-1.13510156884
-0.749719679487
-0.406275026713
-0.184850765255
-0.0757962545306
-0.0337410198201
-0.020856853619
-0.0176987112801
-0.0170684918249
-0.0168446589866
-0.0162408407459
-0.0131653061033
-0.000524739853771
0.0409787826397
0.14886536579
0.367950706081
0.707114790671
1.08642899121
1.34494749791
1.34518320016
1.08845168028
0.713234139299
0.378854136736
0.163270510877
0.0570945586286
0.0161469851301
0.00360661132815
0.000534135179887
-6.32887213439e-05
-6.71964057539e-05
0.000501520490077
0.0034917612512
0.0157929015483
0.0562009449165
0.161245998231
0.374575971689
0.704830607956
1.07418213444
1.3259032085
1.32613550485
1.0761650424
0.710840026441
0.385273893198
0.175373251005
0.0719882102484
0.0321156776305
0.0198979333259
0.0169031994597
0.0163051339336
0.0160937117276
0.0155215328078
0.0126079157998
0.000626318325955
-0.0387185696341
-0.14100777812
-0.348736647721
-0.670327031753
-1.02998028049
-1.27509413356
-1.27532541147
-1.03194978364
-0.676258476627
-0.359286081335
-0.154920216859
-0.0542653012928
-0.0154407826266
-0.00355044118493
-0.000633382900102
-5.71542368587e-05
3.53043440768e-05
4.6979213702e-05
4.84921402341e-05
4.82874339169e-05
4.8549776225e-05
Maximum frequencey to plot (Hz) -> 1500
